node1	node2	count
1	14	2
1	50	1
1	60	1
1	71	2
1	87	1
1	97	1
2	97	1
3	71	1
3	97	2
4	71	5
4	81	1
4	85	1
4	97	3
5	18	1
5	50	1
5	71	3
5	97	3
6	77	1
6	81	1
7	11	1
7	50	4
7	71	7
7	75	1
7	85	1
7	88	1
7	92	1
7	97	7
8	71	1
8	100	1
9	50	1
9	60	1
9	71	1
9	97	1
10	24	1
10	50	1
10	71	1
10	97	3
11	12	1
11	14	1
11	71	2
11	75	1
11	86	1
11	97	1
12	71	12
12	80	1
12	85	2
12	97	2
13	50	1
13	60	1
14	50	1
14	70	1
14	71	5
14	75	1
14	97	10
15	7	1
15	71	1
15	97	2
16	71	1
16	97	1
17	71	1
17	97	2
18	29	1
18	40	1
18	57	1
18	71	4
18	95	1
18	97	5
19	48	1
20	27	1
20	59	1
20	71	3
20	97	14
21	57	1
21	71	1
21	97	2
21	100	1
22	71	1
22	97	2
23	71	2
23	97	2
24	7	1
24	20	1
24	26	1
24	50	2
24	57	1
24	71	5
24	75	2
24	93	1
24	97	9
25	33	1
25	50	5
25	65	1
25	66	1
25	71	14
25	86	1
25	97	12
26	7	1
26	37	1
26	50	1
26	65	1
26	71	1
26	97	5
27	12	1
27	48	1
27	64	1
27	71	1
27	97	2
28	59	1
28	71	5
28	97	2
29	40	1
29	48	1
29	50	1
29	71	2
29	97	1
30	97	2
31	1	1
31	50	1
31	71	1
31	97	4
32	50	2
32	71	1
32	97	3
33	5	1
33	71	3
33	78	1
33	97	2
34	71	3
34	97	1
35	25	1
35	71	1
35	97	6
36	70	1
36	97	1
37	42	1
37	50	2
37	97	1
38	55	1
38	60	1
38	71	1
38	97	1
39	50	2
39	71	2
39	85	1
39	97	1
39	100	1
40	42	1
40	48	1
40	71	3
40	84	1
40	97	1
41	50	2
41	71	1
41	97	5
42	71	6
42	74	1
42	97	7
43	71	1
43	85	1
44	14	1
44	48	1
44	71	2
44	84	1
44	97	2
45	71	2
46	25	1
46	71	2
46	97	3
47	71	1
47	97	2
48	33	1
48	49	1
48	50	7
48	55	3
48	61	1
48	71	15
48	73	1
48	77	1
48	78	1
48	84	2
48	85	1
48	87	1
48	91	1
48	97	23
49	71	1
49	84	1
49	97	1
50	4	1
50	7	2
50	16	1
50	19	1
50	20	1
50	24	3
50	25	6
50	31	2
50	40	1
50	41	2
50	48	8
50	57	2
50	59	1
50	60	1
50	61	1
50	64	1
50	65	1
50	67	2
50	68	1
50	69	2
50	70	1
50	71	80
50	75	1
50	78	1
50	80	2
50	81	1
50	85	1
50	86	1
50	92	1
50	93	3
50	97	131
50	99	4
50	100	1
51	15	1
51	44	1
51	64	1
51	71	3
51	97	7
52	1	1
52	7	1
52	12	1
52	20	1
52	35	1
52	48	2
52	61	2
52	71	7
52	74	1
52	81	1
52	86	1
52	97	5
53	69	1
53	71	1
53	85	1
54	71	1
54	97	1
55	37	1
55	42	1
55	50	1
55	71	2
55	97	2
56	23	1
56	45	1
56	51	1
56	69	1
56	71	2
56	97	2
57	7	1
57	12	1
57	40	1
57	61	1
57	68	1
57	71	11
57	97	25
58	14	1
58	50	1
58	71	1
58	85	1
58	97	3
59	18	1
59	50	1
59	66	1
59	71	1
59	86	1
59	97	2
60	22	1
60	44	1
60	50	5
60	57	1
60	67	1
60	71	1
60	74	1
60	87	1
60	97	3
61	18	1
61	50	1
61	57	1
61	69	1
61	71	8
61	86	1
61	97	12
62	87	1
62	97	4
63	71	1
63	78	1
63	97	3
64	71	2
64	97	4
65	18	1
65	71	3
65	97	3
66	25	1
66	50	1
66	71	2
66	81	1
66	85	1
66	97	8
67	52	1
67	68	1
67	97	4
68	12	1
68	52	1
68	87	1
68	97	2
69	18	1
69	50	1
69	71	5
69	97	9
70	71	1
70	97	3
71	1	1
71	3	1
71	5	3
71	7	4
71	10	2
71	12	1
71	13	2
71	14	3
71	18	1
71	20	8
71	24	5
71	25	4
71	26	6
71	27	3
71	28	2
71	30	1
71	31	4
71	33	2
71	36	1
71	38	2
71	39	2
71	41	3
71	42	2
71	43	1
71	44	1
71	47	1
71	48	12
71	49	1
71	50	67
71	51	2
71	52	6
71	53	1
71	57	11
71	58	3
71	59	1
71	60	1
71	61	4
71	62	1
71	63	1
71	64	2
71	66	5
71	67	2
71	69	2
71	72	1
71	75	6
71	76	2
71	77	2
71	78	3
71	79	2
71	80	5
71	81	2
71	83	1
71	84	1
71	85	5
71	86	7
71	87	4
71	88	4
71	89	3
71	90	1
71	91	2
71	95	2
71	96	2
71	97	1090
71	99	4
71	100	2
72	71	2
72	85	1
72	86	1
72	97	2
73	50	1
73	71	5
73	97	2
74	40	1
74	48	2
74	71	4
74	97	1
75	18	1
75	28	1
75	50	1
75	66	1
75	71	9
75	77	1
75	86	1
75	97	14
76	42	1
76	71	2
76	97	3
77	71	1
77	72	1
77	74	1
77	81	1
77	95	1
77	97	1
78	50	1
78	52	1
78	61	1
78	71	3
78	83	1
78	97	4
78	100	1
79	97	2
80	25	1
80	48	1
80	52	1
80	71	7
80	97	6
81	3	1
81	50	1
81	56	1
81	71	1
81	85	2
81	97	5
82	71	2
82	97	1
82	99	1
83	48	1
83	71	1
83	97	2
84	7	1
84	28	1
84	50	2
84	58	1
84	65	1
84	71	2
84	97	4
85	20	1
85	25	1
85	32	1
85	42	1
85	48	4
85	50	2
85	52	1
85	66	1
85	71	16
85	75	1
85	89	1
85	97	15
85	99	1
86	12	1
86	25	1
86	29	1
86	50	4
86	51	1
86	52	1
86	58	1
86	61	1
86	71	8
86	74	1
86	80	1
86	85	1
86	87	1
86	97	9
87	8	1
87	28	1
87	50	1
87	71	6
87	75	1
87	86	1
87	97	10
87	99	1
88	9	1
88	18	1
88	24	1
88	51	1
88	71	5
88	97	6
89	20	1
89	48	1
89	57	1
89	71	4
89	75	1
89	97	4
90	97	2
91	7	1
91	71	3
91	97	2
92	28	1
92	71	2
92	97	2
93	51	1
93	69	1
93	71	3
93	85	1
93	97	1
93	100	1
94	50	1
94	71	1
94	91	1
95	48	1
95	71	3
95	87	1
95	88	1
95	97	1
96	48	1
96	71	1
96	97	1
97	4	1
97	20	1
97	23	1
97	25	1
97	30	1
97	34	1
97	40	2
97	42	1
97	45	1
97	47	1
97	48	1
97	50	14
97	57	3
97	58	1
97	60	1
97	61	2
97	63	1
97	66	1
97	71	124
97	73	1
97	75	2
97	76	1
97	81	1
97	85	1
97	86	3
97	87	1
97	88	1
97	89	1
97	98	1
97	99	1
98	53	1
99	7	1
99	24	2
99	25	1
99	50	6
99	59	1
99	71	7
99	97	6
100	28	1
100	55	1
100	56	1
100	71	1
100	85	1
100	97	6
100	99	1
