2Dclass	helixNew
97	1
71	1
71	2
97	2
57	2
97	3
42	3
71	3
52	3
97	4
71	4
97	5
97	6
71	6
97	7
71	7
97	8
71	8
97	9
71	9
97	10
97	11
97	12
71	12
97	13
71	13
97	14
97	15
97	16
71	16
97	17
71	17
97	18
71	18
97	19
71	19
97	20
21	20
97	21
97	22
97	23
87	23
71	23
97	24
50	24
99	24
71	24
97	25
71	25
12	25
86	25
97	26
55	26
48	26
50	26
71	26
97	27
71	27
48	27
97	28
24	28
99	28
85	28
97	29
71	29
97	30
35	30
97	31
97	32
71	33
97	33
97	34
71	34
97	35
52	35
71	35
71	36
97	36
97	37
71	38
97	38
97	39
97	40
71	40
97	41
97	42
71	42
97	43
97	44
97	45
71	45
97	46
97	47
97	48
71	48
97	49
71	49
48	49
85	49
93	49
97	50
71	50
57	50
97	51
71	51
18	51
97	52
9	52
88	52
71	52
97	53
75	53
71	53
97	54
71	54
97	55
97	56
71	56
97	57
97	58
97	59
97	60
71	60
97	61
71	61
97	62
32	62
97	63
97	64
61	64
97	65
97	66
97	67
79	67
71	67
97	68
85	68
97	69
71	69
18	69
75	69
97	70
71	70
71	71
97	71
80	71
97	72
71	73
97	73
50	73
97	74
71	74
97	75
71	75
46	75
97	76
31	76
71	76
97	77
97	78
97	79
71	79
71	80
97	80
97	81
97	82
71	82
97	83
71	83
97	84
97	85
97	86
71	86
97	87
97	88
71	88
97	89
97	90
71	90
97	91
97	92
97	93
71	93
89	93
97	94
71	94
97	95
71	95
97	96
71	96
97	97
71	97
97	98
71	98
97	99
71	99
97	100
97	101
97	102
97	103
71	103
71	104
97	104
60	104
97	105
71	105
80	105
50	105
37	105
97	106
71	106
97	107
48	107
52	107
97	108
71	108
87	108
97	109
97	110
97	111
71	111
97	112
97	113
97	114
71	114
97	115
97	116
71	116
97	117
97	118
2	118
97	119
97	120
71	120
97	121
71	121
97	122
71	122
40	122
97	123
71	123
97	124
97	125
83	125
97	126
42	126
40	126
57	126
61	126
86	126
71	126
97	127
71	127
48	127
74	127
77	127
97	128
68	128
67	128
60	128
38	128
71	128
97	129
71	129
99	129
100	129
97	130
71	130
4	130
97	131
71	131
97	132
71	132
97	133
75	134
97	134
71	134
29	134
86	134
97	135
31	135
71	135
97	136
71	136
97	137
71	137
33	137
97	138
71	138
17	138
71	139
97	139
97	140
85	140
71	140
97	141
71	141
97	142
71	142
97	143
71	143
63	143
97	144
71	144
97	145
71	145
97	146
71	146
97	147
80	147
71	147
97	148
81	148
71	148
97	149
71	149
97	150
71	150
97	151
71	151
97	152
27	152
71	152
97	153
71	153
97	154
97	155
71	155
71	156
97	156
97	157
92	157
97	158
97	159
97	160
97	161
65	161
26	161
71	161
97	162
97	163
97	164
71	164
97	165
71	165
71	166
97	166
97	167
97	168
71	168
97	169
71	169
97	170
17	170
97	171
71	171
97	172
97	173
69	173
50	173
71	173
97	174
71	174
97	175
71	175
71	176
97	176
97	177
71	177
61	177
97	178
71	178
89	178
85	178
81	178
52	178
71	179
97	179
54	179
97	180
88	180
97	181
71	181
97	182
71	182
97	183
71	183
97	184
71	184
71	185
97	185
97	186
71	186
29	186
18	186
88	186
97	187
97	188
97	189
71	189
97	190
63	190
71	190
97	191
48	191
96	191
71	191
97	192
71	192
97	193
71	193
97	194
71	194
97	195
57	195
71	195
97	196
71	196
97	197
97	198
97	199
71	199
97	200
71	200
97	201
71	201
97	202
71	202
87	202
97	203
71	203
97	204
71	204
97	205
71	205
97	206
71	206
97	207
50	207
71	207
97	208
97	209
71	209
97	210
71	210
97	211
97	212
20	212
71	212
97	213
73	213
97	214
97	215
71	215
97	216
71	216
71	217
97	217
97	218
71	218
97	219
71	219
97	220
71	220
97	221
71	221
71	222
97	222
97	223
71	223
97	224
71	224
97	225
71	225
12	225
97	226
71	226
71	227
97	227
50	227
97	228
71	228
97	229
97	230
50	230
71	230
97	231
97	232
71	232
97	233
97	234
97	235
97	236
50	236
61	236
71	236
75	236
97	237
20	237
85	237
71	237
48	237
71	238
97	238
50	238
29	238
71	239
97	239
50	239
5	239
97	240
71	240
86	240
61	240
52	240
80	240
12	240
97	241
71	241
97	242
71	242
97	243
71	243
97	244
97	245
97	246
97	247
71	247
97	248
97	249
71	249
48	249
97	250
71	250
50	250
71	251
97	251
81	251
97	252
50	252
97	253
71	253
97	254
97	255
71	256
97	256
97	257
71	257
97	258
71	258
71	259
97	259
42	259
97	260
85	260
7	260
26	260
71	260
71	261
97	261
46	261
97	262
50	262
97	263
71	263
97	264
97	265
97	266
50	266
7	266
71	266
97	267
71	267
97	268
50	268
71	268
65	268
97	269
71	269
97	270
71	270
14	270
97	271
71	271
97	272
71	272
97	273
71	273
97	274
97	275
71	275
97	276
50	276
97	277
71	277
71	278
97	278
97	279
71	279
97	280
97	281
97	282
97	283
97	284
71	284
97	285
97	286
71	286
50	286
97	287
71	287
97	288
71	288
97	289
22	289
60	289
97	290
97	291
71	291
97	292
71	292
97	293
64	293
71	294
97	294
17	294
97	295
71	295
97	296
71	296
50	296
97	297
71	297
97	298
71	298
97	299
50	299
71	299
97	300
48	300
71	301
97	301
97	302
71	302
97	303
71	303
97	304
97	305
97	306
71	306
97	307
71	307
14	307
1	307
52	307
97	308
97	309
87	309
86	309
71	309
57	309
97	310
71	310
71	311
97	311
26	311
97	312
71	312
97	313
71	313
97	314
48	314
71	314
97	315
97	316
71	316
50	316
97	317
71	317
91	317
97	318
71	318
97	319
71	319
97	320
71	320
7	320
97	321
71	321
97	322
97	323
86	324
97	324
71	324
97	325
71	325
97	326
71	326
50	326
97	327
71	327
50	327
97	328
71	328
97	329
97	330
78	330
71	330
97	331
71	331
50	331
97	332
100	332
71	332
85	332
97	333
31	333
50	333
71	333
4	333
97	334
50	334
97	335
100	335
71	335
75	335
97	336
50	336
71	336
88	336
97	337
71	337
75	337
89	337
97	338
84	338
71	338
97	339
50	339
71	339
97	340
71	340
97	341
71	341
85	341
97	342
69	342
93	342
50	342
32	342
85	342
48	342
71	342
44	342
51	342
88	342
95	342
18	342
5	342
33	342
97	343
71	343
26	343
24	343
50	343
97	344
48	344
50	344
71	344
51	344
86	344
25	344
97	345
50	345
71	345
97	346
71	346
50	346
85	346
71	347
97	347
97	348
71	348
97	349
97	350
71	350
97	351
48	351
61	352
97	352
71	352
97	353
71	353
97	354
56	354
97	355
71	355
97	356
50	356
97	357
71	357
97	358
71	358
97	359
97	360
97	361
97	362
63	362
97	363
71	363
97	364
91	364
71	364
25	364
50	364
97	365
97	366
71	366
97	367
99	367
97	368
50	368
97	369
57	369
71	369
48	369
97	370
71	370
97	371
97	372
97	373
97	374
71	374
50	374
97	375
97	376
97	377
71	377
70	377
14	377
97	378
71	378
50	378
97	379
25	379
97	380
50	380
71	380
97	381
85	381
12	381
11	381
97	382
71	382
97	383
71	383
97	384
57	384
71	385
97	385
97	386
71	386
25	386
97	387
97	388
42	388
97	389
71	389
97	390
71	390
50	390
97	391
52	391
97	392
32	392
97	393
97	394
71	394
97	395
71	395
50	395
31	395
97	396
71	396
50	396
97	397
97	398
50	398
97	399
97	400
97	401
71	401
72	401
97	402
97	403
97	404
71	404
97	405
71	405
97	406
71	406
97	407
4	407
97	408
71	408
97	409
71	409
97	410
71	410
97	411
97	412
66	412
71	412
50	412
97	413
50	413
99	413
97	414
71	414
97	415
71	415
97	416
87	416
97	417
71	418
97	418
50	418
97	419
71	419
97	420
71	420
71	421
97	421
97	422
97	423
25	423
50	423
71	423
97	424
97	425
71	425
97	426
71	426
97	427
97	428
71	428
71	429
97	429
97	430
97	431
48	431
97	432
97	433
71	433
53	433
97	434
97	435
97	436
71	436
97	437
71	437
97	438
52	438
71	438
50	438
97	439
71	439
12	439
97	440
71	440
97	441
50	442
97	442
71	442
27	442
20	442
52	442
71	443
97	443
50	443
50	444
97	444
25	444
71	444
97	445
71	445
97	446
71	446
20	446
97	447
71	447
97	448
97	449
97	450
71	450
97	451
97	452
50	452
71	452
97	453
71	453
97	454
71	454
97	455
97	456
71	456
97	457
71	457
97	458
97	459
24	459
97	460
50	460
97	461
71	461
97	462
71	462
97	463
97	464
97	465
97	466
71	466
97	467
97	468
97	469
97	470
97	471
97	472
97	473
97	474
71	474
34	474
97	475
71	475
97	476
71	476
7	476
97	477
97	478
71	478
97	479
71	479
74	479
52	479
97	480
71	480
52	480
67	480
50	480
97	481
71	481
85	481
97	482
71	482
100	482
78	482
97	483
71	483
97	484
97	485
71	485
97	486
97	487
97	488
71	488
97	489
50	490
97	490
71	490
97	491
71	491
97	492
71	492
50	492
97	493
97	494
97	495
97	496
71	496
97	497
71	497
97	498
71	498
97	499
75	499
71	499
97	500
99	500
87	500
1	500
97	501
97	502
71	502
80	502
50	502
97	503
97	504
97	505
71	505
50	505
97	506
71	506
97	507
71	507
97	508
71	508
97	509
71	509
97	510
97	511
22	511
97	512
52	512
71	512
50	512
71	513
97	513
61	513
97	514
71	514
97	515
71	515
97	516
97	517
50	517
71	517
97	518
57	518
71	518
97	519
71	520
97	520
50	520
71	521
97	521
69	521
97	522
71	522
97	523
97	524
71	524
97	525
71	525
12	525
97	526
61	526
97	527
71	527
71	528
97	528
97	529
71	529
93	529
97	530
97	531
71	531
97	532
71	532
97	533
50	533
71	533
97	534
71	534
97	535
71	535
50	535
97	536
50	536
71	536
97	537
88	537
71	537
97	538
72	538
71	538
97	539
97	540
71	540
97	541
97	542
71	542
97	543
71	543
97	544
71	544
4	544
97	545
71	545
97	546
71	546
97	547
50	547
97	548
71	548
97	549
71	549
97	550
50	550
97	551
71	551
97	552
97	553
71	553
97	554
71	554
97	555
97	556
71	557
97	557
4	557
97	558
71	558
97	559
50	559
71	559
24	559
97	560
71	560
50	560
97	561
71	561
97	562
97	563
48	563
71	564
97	564
97	565
86	565
71	565
97	566
75	566
97	567
71	567
97	568
75	568
71	568
97	569
71	569
52	569
97	570
71	570
97	571
71	571
97	572
71	572
71	573
97	573
97	574
97	575
71	575
97	576
71	576
50	577
97	577
71	577
97	578
50	578
75	578
87	578
97	579
62	579
50	580
60	580
97	580
97	581
71	581
89	581
97	582
50	582
71	582
25	582
97	583
71	583
97	584
71	584
97	585
20	585
71	585
28	585
97	586
97	587
71	587
57	587
60	587
97	588
71	588
97	589
71	589
97	590
71	590
43	590
97	591
97	592
71	592
97	593
71	593
91	593
94	593
97	594
15	594
97	595
85	595
71	595
97	596
66	596
71	596
97	597
71	597
87	597
97	598
97	599
60	599
97	600
71	600
97	601
71	601
97	602
97	603
71	603
97	604
71	604
97	605
71	605
97	606
71	606
71	607
97	607
88	607
97	608
50	608
71	608
97	609
71	609
97	610
71	610
48	610
50	610
97	611
97	612
97	613
97	614
71	614
97	615
71	615
97	616
97	617
50	618
97	618
71	618
97	619
71	619
97	620
35	620
97	621
97	622
71	622
97	623
23	624
97	624
97	625
97	626
86	626
97	627
71	627
97	628
71	628
50	628
97	629
97	630
75	630
71	630
97	631
7	631
71	631
86	631
50	631
25	631
97	632
5	632
71	632
85	632
4	632
97	633
71	633
24	633
99	633
97	634
71	634
61	634
50	634
97	635
78	635
71	635
97	636
71	636
42	636
55	636
100	636
97	637
97	638
71	638
85	638
58	638
97	639
71	639
20	639
97	640
71	640
97	641
14	641
71	641
97	642
18	642
61	642
71	642
50	642
86	642
97	643
59	643
20	643
71	643
97	644
14	644
97	645
97	646
97	647
97	648
97	649
71	649
97	650
27	650
97	651
10	651
97	652
97	653
97	654
71	654
55	654
48	654
50	654
97	655
25	655
50	655
97	656
50	656
71	656
3	656
97	657
97	658
71	658
97	659
34	659
97	660
71	660
97	661
46	661
97	662
61	662
71	663
97	663
97	664
71	664
50	664
86	664
97	665
50	665
71	665
71	666
97	666
97	667
71	667
97	668
97	669
71	669
97	670
47	670
97	671
97	672
71	672
97	673
97	674
97	675
71	675
97	676
71	676
97	677
97	678
71	678
97	679
69	679
97	680
97	681
71	681
97	682
58	682
71	682
50	682
48	682
50	683
97	683
71	683
5	683
50	684
97	684
71	684
97	685
71	685
97	686
71	686
50	686
99	686
97	687
71	687
97	688
71	688
25	688
97	689
71	689
50	689
87	689
97	690
97	691
95	691
71	691
73	691
97	692
71	692
97	693
71	693
97	694
25	694
35	694
52	694
97	695
71	695
97	696
20	696
24	696
71	696
48	696
50	696
97	697
48	697
85	697
43	697
71	697
97	698
71	698
97	699
97	700
71	700
97	701
97	702
71	702
97	703
97	704
97	705
83	705
78	705
48	705
27	705
71	705
97	706
64	706
51	706
56	706
100	706
39	706
71	707
97	707
50	707
41	707
97	708
71	708
48	708
85	708
50	708
97	709
71	709
97	710
71	710
97	711
97	712
71	712
97	713
14	713
71	713
97	714
71	714
97	715
71	715
52	715
97	716
97	717
97	718
71	718
69	718
97	719
71	719
97	720
71	720
97	721
71	721
97	722
97	723
71	723
50	723
97	724
71	724
97	725
71	725
97	726
50	726
97	727
71	727
97	728
71	728
97	729
97	730
97	731
97	732
97	733
71	733
97	734
97	735
71	735
97	736
97	737
71	737
97	738
71	738
97	739
71	739
88	739
97	740
71	740
12	740
52	740
68	740
97	741
71	741
97	742
97	743
71	743
44	743
71	744
97	744
86	744
97	745
71	745
97	746
80	746
71	746
97	747
20	747
71	747
34	748
97	748
71	748
76	748
30	749
97	749
18	749
97	750
71	750
97	751
71	751
97	752
50	752
97	753
71	753
85	753
12	753
68	753
97	754
71	754
97	755
71	755
50	755
97	756
48	756
97	757
71	757
97	758
97	759
71	759
59	759
50	759
97	760
71	760
97	761
97	762
25	762
80	762
97	763
71	763
97	764
97	765
71	765
42	765
97	766
71	766
50	766
97	767
97	768
50	768
71	768
97	769
97	770
97	771
71	771
97	772
71	772
97	773
71	773
54	773
97	774
71	774
75	774
97	775
71	775
97	776
61	776
57	776
71	776
97	777
71	777
97	778
97	779
71	779
71	780
97	780
97	781
71	781
97	782
97	783
24	783
50	783
71	783
97	784
97	785
97	786
71	786
97	787
70	787
97	788
49	788
48	788
50	788
60	788
13	788
71	788
28	788
75	788
11	788
7	788
97	789
25	789
50	789
55	789
38	789
71	789
97	790
40	790
50	790
71	790
52	790
86	790
72	790
77	790
48	790
97	791
50	791
39	791
71	791
97	792
74	792
60	792
71	792
7	792
91	792
48	792
19	792
50	792
25	792
66	792
75	792
14	792
97	793
71	793
65	793
25	793
97	794
50	794
71	794
66	794
25	794
97	795
99	795
71	795
45	795
97	796
50	796
99	796
71	796
97	797
50	797
48	797
83	797
71	797
97	798
71	798
42	798
71	799
25	799
97	799
50	799
84	799
44	799
97	800
81	800
77	800
71	800
97	801
50	801
71	801
7	801
84	801
97	802
71	802
97	803
97	804
97	805
97	806
71	806
24	807
71	807
97	807
97	808
82	808
97	809
50	809
13	809
71	809
97	810
71	810
97	811
71	811
50	811
97	812
71	812
97	813
71	813
97	814
97	815
71	815
97	816
57	816
97	817
71	817
25	817
97	818
97	819
71	820
97	820
97	821
100	821
93	821
24	821
97	822
97	823
71	823
97	824
97	825
97	826
97	827
71	827
97	828
97	829
71	829
97	830
71	830
94	830
97	831
71	831
97	832
71	832
97	833
97	834
71	834
7	834
57	834
97	835
71	835
97	836
36	836
97	837
97	838
71	838
97	839
97	840
71	840
97	841
97	842
71	842
97	843
71	843
97	844
97	845
71	845
50	845
99	845
97	846
71	846
25	846
97	847
71	847
97	848
57	848
73	849
97	849
61	849
97	850
71	850
97	851
71	851
97	852
97	853
97	854
71	854
97	855
97	856
97	857
71	857
97	858
97	859
97	860
67	860
71	860
97	861
71	861
97	862
71	862
97	863
97	864
61	864
97	865
71	865
97	866
12	866
71	866
71	867
97	867
97	868
71	868
97	869
71	869
97	870
97	871
97	872
97	873
71	873
97	874
67	874
71	874
97	875
71	875
97	876
97	877
71	877
97	878
97	879
97	880
97	881
71	881
97	882
62	882
97	883
97	884
71	884
12	884
97	885
97	886
97	887
97	888
97	889
97	890
89	890
97	891
71	891
97	892
20	892
89	892
71	892
97	893
71	893
97	894
71	894
97	895
33	895
71	895
97	896
71	896
97	897
71	897
97	898
97	899
10	899
71	899
97	900
97	901
87	901
97	902
97	903
97	904
97	905
97	906
97	907
71	907
97	908
97	909
71	909
97	910
71	910
71	911
97	911
50	911
97	912
71	912
50	912
7	912
97	913
71	913
28	913
92	913
97	914
71	914
63	915
97	915
71	915
50	915
71	916
97	916
97	917
71	918
97	918
71	919
97	919
97	920
71	920
97	921
97	922
50	922
71	922
97	923
71	923
97	924
97	925
71	925
97	926
50	926
71	926
97	927
57	927
97	928
37	928
55	928
48	928
71	928
95	928
77	928
75	928
85	928
100	928
8	928
87	928
68	928
57	928
18	928
59	928
28	928
84	928
97	929
75	929
97	930
50	930
71	930
97	931
58	931
84	931
48	931
71	931
97	932
86	932
71	932
97	933
97	934
7	934
97	935
71	935
97	936
71	936
97	937
50	937
24	937
97	938
71	938
81	938
66	938
97	939
97	940
71	941
97	941
97	942
97	943
71	943
97	944
46	944
97	945
41	945
71	945
97	946
71	946
97	947
71	947
97	948
97	949
97	950
97	951
71	951
97	952
71	952
18	952
97	953
71	953
97	954
71	954
97	955
71	955
71	956
97	956
97	957
71	957
97	958
71	958
97	959
71	959
97	960
71	960
97	961
44	961
97	962
97	963
18	963
69	963
97	964
71	964
97	965
75	966
97	966
71	966
50	966
97	967
71	967
97	968
71	968
50	968
97	969
42	969
71	969
97	970
85	970
97	971
71	971
97	972
71	972
11	972
97	973
64	973
71	973
97	974
75	974
24	974
71	974
97	975
71	975
97	976
71	976
97	977
71	977
97	978
97	979
97	980
71	980
97	981
7	981
97	982
4	982
97	983
20	983
71	983
97	984
97	985
71	985
97	986
71	986
71	987
97	987
48	987
50	987
86	987
71	988
97	988
97	989
71	989
97	990
71	990
97	991
71	991
71	992
97	992
50	992
97	993
71	993
97	994
97	995
71	995
97	996
97	997
97	998
71	998
97	999
97	1000
97	1001
97	1002
71	1002
97	1003
71	1003
71	1004
97	1004
97	1005
97	1006
24	1006
71	1006
97	1007
71	1007
97	1008
97	1009
71	1009
97	1010
71	1010
97	1011
48	1011
97	1012
97	1013
90	1013
71	1013
97	1014
97	1015
71	1015
71	1016
97	1016
97	1017
71	1017
97	1018
71	1018
97	1019
71	1019
61	1019
97	1020
71	1020
50	1020
48	1020
85	1020
97	1021
71	1021
97	1022
71	1022
97	1023
35	1023
97	1024
97	1025
71	1025
97	1026
75	1026
97	1027
24	1027
97	1028
71	1028
97	1029
71	1029
97	1030
97	1031
97	1032
71	1032
85	1032
97	1033
71	1033
97	1034
71	1034
97	1035
61	1035
52	1035
71	1035
97	1036
97	1037
71	1037
97	1038
97	1039
97	1040
32	1040
97	1041
97	1042
71	1042
97	1043
71	1043
97	1044
71	1045
97	1045
35	1045
97	1046
51	1046
97	1047
71	1047
97	1048
66	1048
97	1049
97	1050
71	1050
97	1051
71	1051
97	1052
97	1053
71	1053
97	1054
71	1054
97	1055
71	1055
97	1056
97	1057
71	1057
97	1058
71	1058
71	1059
97	1059
97	1060
71	1060
97	1061
41	1061
50	1061
97	1062
67	1062
50	1062
97	1063
78	1063
63	1063
97	1064
97	1065
71	1065
97	1066
71	1066
71	1067
97	1067
97	1068
71	1068
97	1069
71	1069
69	1069
97	1070
1	1070
97	1071
97	1072
71	1072
12	1072
71	1073
97	1073
97	1074
100	1074
21	1074
97	1075
71	1075
97	1076
71	1076
97	1077
71	1077
97	1078
50	1078
71	1078
97	1079
71	1079
97	1080
71	1080
50	1080
97	1081
97	1082
97	1083
97	1084
97	1085
97	1086
71	1086
97	1087
71	1088
97	1088
97	1089
71	1089
97	1090
71	1091
97	1091
85	1091
97	1092
71	1092
50	1092
97	1093
71	1093
97	1094
71	1094
97	1095
86	1095
52	1095
71	1095
97	1096
69	1096
71	1096
39	1096
97	1097
89	1097
97	1098
71	1098
97	1099
69	1099
97	1100
71	1100
12	1100
97	1101
71	1101
25	1101
50	1101
48	1101
52	1101
85	1101
53	1101
98	1101
97	1102
71	1102
25	1102
86	1102
59	1102
99	1102
50	1102
97	1103
71	1103
45	1103
56	1103
71	1104
97	1104
3	1104
81	1104
4	1104
50	1104
60	1104
9	1104
97	1105
61	1105
78	1105
71	1105
74	1105
97	1106
71	1106
75	1106
97	1107
71	1107
75	1107
7	1107
50	1107
97	1108
71	1108
97	1109
71	1109
97	1110
71	1111
97	1111
97	1112
71	1112
97	1113
48	1113
71	1113
50	1114
97	1114
21	1114
97	1115
24	1115
71	1115
97	1116
71	1116
97	1117
50	1117
71	1117
91	1117
97	1118
71	1118
97	1119
71	1119
97	1120
71	1120
97	1121
71	1121
97	1122
71	1122
97	1123
97	1124
97	1125
97	1126
71	1126
76	1126
97	1127
97	1128
97	1129
71	1129
50	1129
97	1130
97	1131
51	1131
71	1131
85	1131
97	1132
71	1132
35	1132
97	1133
71	1133
97	1134
97	1135
97	1136
97	1137
71	1137
97	1138
71	1138
97	1139
97	1140
71	1140
97	1141
55	1141
97	1142
97	1143
71	1143
97	1144
71	1144
97	1145
71	1145
97	1146
97	1147
71	1147
97	1148
67	1148
97	1149
71	1149
97	1150
97	1151
97	1152
87	1152
71	1152
97	1153
71	1153
97	1154
71	1155
97	1155
73	1155
97	1156
71	1156
97	1157
97	1158
97	1159
97	1160
97	1161
97	1162
71	1162
97	1163
72	1163
97	1164
97	1165
86	1165
97	1166
71	1166
97	1167
71	1167
50	1167
97	1168
71	1168
83	1168
97	1169
71	1169
97	1170
97	1171
71	1171
97	1172
97	1173
71	1173
97	1174
97	1175
71	1175
71	1176
97	1176
97	1177
71	1177
73	1177
97	1178
71	1178
97	1179
97	1180
97	1181
71	1181
97	1182
71	1182
97	1183
85	1183
97	1184
71	1184
97	1185
50	1185
97	1186
97	1187
97	1188
71	1188
97	1189
71	1189
97	1190
97	1191
97	1192
97	1193
57	1193
71	1193
97	1194
71	1194
86	1194
75	1194
97	1195
71	1195
97	1196
71	1196
61	1196
97	1197
97	1198
71	1198
50	1198
69	1198
71	1199
97	1199
50	1199
97	1200
86	1200
71	1200
97	1201
71	1201
93	1201
97	1202
97	1203
71	1203
87	1204
97	1204
50	1204
71	1204
97	1205
97	1206
97	1207
71	1207
50	1207
86	1207
11	1207
97	1208
71	1208
87	1208
48	1208
40	1208
29	1208
97	1209
71	1209
69	1209
56	1209
97	1210
88	1210
7	1210
50	1210
97	1211
71	1211
97	1212
71	1212
97	1213
97	1214
71	1214
97	1215
71	1215
57	1215
21	1215
97	1216
71	1216
97	1217
71	1217
97	1218
97	1219
97	1220
71	1220
42	1220
97	1221
97	1222
97	1223
71	1223
97	1224
71	1224
97	1225
97	1226
97	1227
71	1227
97	1228
71	1228
97	1229
48	1229
95	1229
97	1230
85	1230
97	1231
77	1231
71	1231
97	1232
25	1232
97	1233
71	1233
97	1234
97	1235
71	1235
97	1236
20	1236
71	1236
97	1237
71	1237
99	1237
50	1237
71	1238
97	1238
97	1239
97	1240
71	1240
97	1241
97	1242
50	1242
71	1242
97	1243
71	1243
97	1244
71	1244
97	1245
71	1245
97	1246
71	1246
97	1247
71	1247
7	1247
24	1247
97	1248
10	1248
97	1249
97	1250
57	1250
71	1250
97	1251
71	1251
97	1252
71	1252
97	1253
7	1253
57	1254
97	1254
97	1255
71	1255
71	1256
97	1256
97	1257
97	1258
71	1258
97	1259
71	1259
97	1260
50	1260
97	1261
71	1261
97	1262
97	1263
97	1264
71	1264
97	1265
71	1265
18	1265
97	1266
97	1267
97	1268
41	1268
97	1269
97	1270
71	1270
97	1271
71	1271
97	1272
71	1272
97	1273
71	1273
97	1274
97	1275
71	1275
97	1276
71	1276
97	1277
97	1278
97	1279
97	1280
97	1281
97	1282
76	1282
97	1283
71	1283
97	1284
97	1285
71	1285
97	1286
97	1287
97	1288
14	1288
58	1288
71	1288
97	1289
71	1289
50	1289
71	1290
97	1290
97	1291
50	1291
85	1291
71	1291
97	1292
97	1293
71	1293
97	1294
71	1294
97	1295
97	1296
97	1297
97	1298
71	1298
97	1299
71	1299
97	1300
97	1301
97	1302
97	1303
71	1303
48	1303
50	1303
14	1303
71	1304
97	1304
70	1304
50	1304
60	1304
97	1305
97	1306
97	1307
97	1308
71	1308
97	1309
71	1309
97	1310
71	1310
97	1311
97	1312
97	1313
97	1314
71	1314
97	1315
97	1316
71	1316
97	1317
97	1318
71	1318
71	1319
97	1319
50	1319
97	1320
71	1320
80	1320
71	1321
97	1321
97	1322
97	1323
97	1324
97	1325
50	1325
71	1325
97	1326
71	1326
97	1327
71	1327
97	1328
97	1329
71	1329
97	1330
71	1330
97	1331
71	1331
97	1332
97	1333
71	1333
97	1334
71	1334
97	1335
71	1335
85	1335
71	1336
97	1336
97	1337
20	1337
97	1338
91	1338
71	1338
97	1339
71	1339
97	1340
66	1340
97	1341
71	1341
97	1342
71	1342
52	1343
71	1343
97	1343
97	1344
71	1344
97	1345
71	1345
97	1346
71	1346
50	1346
97	1347
51	1347
93	1347
97	1348
50	1348
71	1348
48	1348
29	1348
97	1349
71	1349
50	1349
97	1350
71	1350
86	1350
97	1351
26	1351
71	1351
97	1352
71	1352
97	1353
71	1353
50	1353
99	1353
97	1354
71	1354
97	1355
71	1355
20	1356
97	1356
71	1356
97	1357
71	1357
97	1358
71	1358
97	1359
97	1360
71	1360
97	1361
97	1362
71	1362
97	1363
80	1363
71	1363
97	1364
71	1364
97	1365
71	1365
97	1366
81	1366
97	1367
97	1368
71	1368
97	1369
97	1370
71	1370
69	1370
50	1370
7	1370
15	1370
97	1371
71	1371
33	1371
25	1371
97	1372
48	1372
71	1372
97	1373
97	1374
88	1374
71	1374
97	1375
71	1375
97	1376
97	1377
20	1377
97	1378
97	1379
97	1380
97	1381
85	1381
97	1382
97	1383
71	1383
97	1384
41	1384
71	1384
97	1385
71	1385
56	1385
81	1385
6	1385
97	1386
97	1387
71	1387
97	1388
71	1388
97	1389
71	1389
95	1389
98	1390
97	1390
47	1390
71	1390
97	1391
71	1391
50	1391
97	1392
97	1393
71	1393
50	1393
59	1393
97	1394
71	1394
99	1394
97	1395
71	1395
61	1395
97	1396
71	1396
61	1396
97	1397
50	1397
97	1398
71	1398
97	1399
71	1399
97	1400
97	1401
71	1401
97	1402
71	1402
97	1403
97	1404
71	1404
16	1404
97	1405
71	1405
97	1406
71	1406
97	1407
71	1407
97	1408
97	1409
97	1410
97	1411
97	1412
97	1413
97	1414
97	1415
71	1415
99	1415
71	1416
97	1416
97	1417
86	1417
97	1418
85	1418
71	1418
97	1419
71	1419
50	1419
97	1420
30	1420
71	1420
89	1421
97	1421
50	1421
71	1421
97	1422
71	1422
97	1423
50	1423
71	1423
97	1424
71	1424
57	1424
50	1424
97	1425
71	1425
50	1425
97	1426
50	1426
97	1427
71	1427
85	1427
39	1427
97	1428
97	1429
57	1429
97	1430
71	1430
97	1431
71	1431
97	1432
71	1432
40	1432
74	1432
97	1433
97	1434
71	1434
97	1435
71	1435
25	1435
97	1436
71	1436
97	1437
71	1437
97	1438
71	1438
86	1438
97	1439
97	1440
26	1440
71	1440
97	1441
71	1441
97	1442
71	1442
97	1443
71	1443
97	1444
71	1444
60	1444
97	1445
50	1445
97	1446
71	1446
97	1447
97	1448
97	1449
71	1449
50	1449
97	1450
50	1450
97	1451
50	1451
71	1451
34	1451
97	1452
57	1452
97	1453
71	1453
97	1454
71	1454
87	1454
97	1455
97	1456
14	1456
11	1456
97	1457
71	1457
97	1458
97	1459
97	1460
5	1460
71	1460
45	1461
97	1461
71	1462
97	1462
97	1463
20	1463
71	1463
97	1464
35	1464
97	1465
48	1465
97	1466
71	1466
97	1467
97	1468
71	1468
97	1469
71	1469
7	1469
97	1470
97	1471
71	1471
97	1472
71	1472
66	1472
97	1473
71	1473
64	1473
50	1473
9	1473
97	1474
71	1474
97	1475
23	1475
97	1476
71	1476
85	1476
97	1477
71	1477
97	1478
20	1478
71	1478
97	1479
71	1479
48	1479
97	1480
71	1480
71	1481
97	1481
24	1481
97	1482
97	1483
50	1483
71	1483
97	1484
97	1485
50	1485
71	1485
97	1486
71	1486
86	1487
97	1487
71	1487
97	1488
71	1488
97	1489
71	1489
51	1489
71	1490
97	1490
97	1491
71	1491
97	1492
76	1492
71	1492
97	1493
71	1493
84	1493
97	1494
97	1495
33	1495
97	1496
87	1496
62	1496
71	1497
97	1497
97	1498
64	1498
71	1498
97	1499
97	1500
71	1500
97	1501
97	1502
97	1503
97	1504
71	1504
97	1505
99	1505
82	1505
71	1506
97	1506
71	1507
97	1507
97	1508
97	1509
71	1509
97	1510
50	1510
97	1511
20	1511
97	1512
71	1512
71	1513
97	1513
97	1514
71	1514
97	1515
97	1516
71	1516
97	1517
97	1518
97	1519
71	1519
50	1519
97	1520
65	1520
84	1520
40	1520
18	1520
97	1521
71	1521
78	1521
97	1522
97	1523
71	1523
97	1524
71	1524
97	1525
71	1525
97	1526
71	1526
97	1527
97	1528
97	1529
71	1529
97	1530
97	1531
50	1531
25	1531
71	1531
97	1532
71	1532
97	1533
97	1534
71	1534
97	1535
71	1535
97	1536
48	1536
71	1536
50	1536
97	1537
68	1537
50	1537
97	1538
50	1538
37	1538
26	1538
71	1538
96	1538
42	1539
97	1539
71	1539
97	1540
71	1540
84	1540
48	1540
74	1540
71	1541
97	1541
71	1542
97	1542
50	1542
71	1543
97	1543
97	1544
71	1544
50	1544
78	1544
97	1545
71	1545
24	1545
97	1546
71	1546
39	1546
97	1547
71	1547
82	1547
97	1548
71	1548
97	1549
97	1550
71	1550
97	1551
71	1551
97	1552
44	1552
71	1552
40	1553
97	1553
97	1554
5	1554
71	1554
97	1555
97	1556
50	1556
71	1556
1	1556
97	1557
71	1557
97	1558
97	1559
50	1559
48	1559
97	1560
71	1560
97	1561
71	1561
97	1562
71	1562
31	1562
50	1562
97	1563
71	1563
97	1564
97	1565
50	1565
97	1566
97	1567
42	1567
85	1567
66	1568
97	1568
50	1568
48	1568
80	1568
71	1568
14	1568
97	1569
71	1569
78	1569
50	1569
84	1569
71	1570
97	1570
97	1571
48	1571
44	1571
60	1571
50	1571
71	1571
97	1572
71	1572
97	1573
66	1573
71	1573
71	1574
97	1574
85	1574
72	1574
97	1575
97	1576
71	1576
97	1577
97	1578
97	1579
97	1580
97	1581
97	1582
97	1583
97	1584
50	1584
97	1585
71	1585
57	1586
97	1586
50	1586
71	1586
32	1586
97	1587
71	1587
97	1588
97	1589
71	1589
97	1590
50	1590
97	1591
71	1591
97	1592
71	1592
97	1593
97	1594
97	1595
71	1595
97	1596
71	1596
97	1597
71	1597
97	1598
71	1598
97	1599
97	1600
71	1600
97	1601
97	1602
50	1602
97	1603
26	1603
97	1604
97	1605
97	1606
71	1606
97	1607
71	1607
97	1608
97	1609
71	1609
50	1609
97	1610
71	1610
97	1611
89	1611
97	1612
71	1612
97	1613
97	1614
97	1615
97	1616
71	1616
97	1617
97	1618
71	1618
1	1618
97	1619
97	1620
71	1620
97	1621
71	1621
97	1622
71	1622
99	1622
57	1623
97	1623
71	1623
97	1624
97	1625
23	1625
56	1625
97	1626
71	1626
89	1626
97	1627
71	1627
85	1627
97	1628
66	1628
59	1628
71	1628
57	1628
24	1628
97	1629
97	1630
97	1631
71	1631
97	1632
97	1633
71	1633
97	1634
97	1635
71	1635
97	1636
87	1636
97	1637
97	1638
97	1639
71	1639
97	1640
71	1640
97	1641
97	1642
71	1642
97	1643
97	1644
50	1644
39	1644
71	1644
97	1645
71	1645
80	1645
86	1645
87	1645
60	1645
97	1646
71	1646
50	1646
97	1647
59	1647
97	1648
87	1648
71	1648
50	1648
97	1649
97	1650
97	1651
71	1651
14	1651
97	1652
71	1652
97	1653
25	1653
97	1654
97	1655
71	1655
97	1656
71	1656
97	1657
71	1657
97	1658
71	1658
50	1659
97	1659
97	1660
35	1660
97	1661
71	1661
97	1662
97	1663
71	1663
97	1664
71	1664
97	1665
71	1665
97	1666
50	1666
97	1667
61	1667
48	1667
97	1668
85	1668
86	1668
71	1668
28	1668
87	1668
97	1669
71	1669
97	1670
71	1670
97	1671
71	1671
97	1672
71	1672
97	1673
71	1673
97	1674
50	1674
97	1675
50	1675
71	1675
75	1675
97	1676
78	1676
97	1677
71	1677
97	1678
92	1678
7	1678
99	1678
50	1678
25	1678
97	1679
71	1679
52	1679
97	1680
25	1680
71	1680
50	1680
97	1681
50	1681
71	1681
88	1681
97	1682
60	1682
1	1682
71	1682
97	1683
97	1684
71	1684
97	1685
50	1685
97	1686
71	1686
97	1687
31	1687
71	1687
97	1688
97	1689
71	1689
97	1690
97	1691
71	1691
97	1692
97	1693
50	1693
71	1693
97	1694
71	1694
97	1695
71	1695
85	1696
97	1696
97	1697
80	1697
71	1697
97	1698
97	1699
97	1700
97	1701
71	1701
97	1702
97	1703
71	1703
97	1704
71	1704
97	1705
71	1705
4	1705
97	1706
71	1706
97	1707
71	1707
97	1708
71	1708
97	1709
97	1710
97	1711
71	1711
97	1712
71	1712
97	1713
97	1714
71	1714
73	1714
97	1715
71	1715
69	1715
97	1716
71	1716
97	1717
71	1717
97	1718
97	1719
69	1719
71	1719
97	1720
71	1720
97	1721
84	1721
97	1722
71	1722
97	1723
71	1723
97	1724
71	1724
71	1725
97	1725
61	1725
97	1726
75	1726
50	1726
71	1726
97	1727
50	1727
60	1727
97	1728
100	1728
50	1728
81	1729
97	1729
71	1729
42	1729
37	1729
99	1730
97	1730
97	1731
97	1732
71	1732
93	1732
50	1732
66	1732
85	1732
97	1733
50	1733
97	1734
50	1734
97	1735
71	1735
97	1736
71	1736
97	1737
97	1738
71	1738
97	1739
97	1740
71	1740
40	1740
97	1741
14	1741
71	1741
97	1742
50	1742
97	1743
18	1743
71	1743
97	1744
71	1744
97	1745
71	1745
97	1746
71	1746
97	1747
71	1747
97	1748
71	1748
97	1749
71	1749
97	1750
71	1750
50	1750
97	1751
71	1751
97	1752
71	1752
97	1753
71	1753
97	1754
99	1754
97	1755
71	1755
97	1756
97	1757
66	1757
71	1757
97	1758
97	1759
71	1759
97	1760
62	1760
71	1760
97	1761
71	1761
97	1762
50	1763
97	1763
71	1763
85	1763
71	1764
97	1764
50	1764
97	1765
71	1765
97	1766
71	1766
97	1767
71	1767
97	1768
71	1768
97	1769
71	1769
97	1770
97	1771
97	1772
71	1772
97	1773
97	1774
97	1775
71	1775
11	1775
97	1776
97	1777
71	1777
97	1778
97	1779
41	1779
97	1780
97	1781
71	1781
97	1782
75	1782
97	1783
71	1783
86	1783
97	1784
57	1784
97	1785
12	1785
27	1785
71	1785
49	1785
97	1786
48	1786
71	1786
97	1787
25	1787
99	1787
71	1787
50	1787
26	1787
97	1788
50	1788
71	1788
82	1788
97	1789
71	1789
99	1789
50	1789
97	1790
71	1790
22	1790
97	1791
50	1791
1	1791
31	1791
71	1791
80	1791
97	1792
81	1792
71	1792
97	1793
61	1793
71	1793
97	1794
97	1795
71	1795
97	1796
57	1796
71	1796
75	1796
97	1797
71	1797
97	1798
71	1798
97	1799
97	1800
97	1801
71	1801
97	1802
97	1803
50	1803
71	1803
97	1804
71	1804
97	1805
84	1805
97	1806
71	1806
25	1806
46	1806
97	1807
30	1807
97	1808
71	1808
97	1809
97	1810
71	1810
97	1811
71	1811
50	1811
97	1812
57	1812
71	1812
97	1813
52	1813
71	1814
97	1814
97	1815
75	1815
24	1815
97	1816
71	1816
97	1817
71	1817
48	1817
89	1817
97	1818
93	1818
50	1818
71	1818
97	1819
97	1820
71	1820
71	1821
97	1821
97	1822
71	1822
8	1822
97	1823
97	1824
71	1824
97	1825
97	1826
97	1827
71	1827
97	1828
71	1828
97	1829
97	1830
71	1830
97	1831
71	1831
25	1831
97	1832
71	1832
24	1832
50	1832
97	1833
50	1833
71	1833
99	1833
97	1834
97	1835
71	1835
97	1836
71	1836
97	1837
71	1837
97	1838
71	1838
12	1838
97	1839
97	1840
97	1841
50	1841
71	1841
71	1842
97	1842
71	1843
4	1843
97	1843
48	1843
97	1844
71	1844
50	1844
97	1845
57	1845
50	1845
71	1845
97	1846
71	1846
80	1846
97	1847
97	1848
97	1849
26	1849
71	1849
97	1850
97	1851
50	1851
71	1851
97	1852
71	1852
97	1853
97	1854
71	1854
97	1855
71	1855
97	1856
28	1856
71	1856
97	1857
71	1857
97	1858
97	1859
71	1859
97	1860
71	1860
97	1861
65	1861
71	1862
97	1862
97	1863
71	1863
55	1863
97	1864
71	1864
97	1865
71	1865
97	1866
71	1866
97	1867
71	1867
88	1867
97	1868
57	1868
97	1869
69	1869
53	1869
71	1869
97	1870
96	1870
71	1870
97	1871
71	1871
5	1871
97	1872
71	1872
57	1872
97	1873
97	1874
99	1874
97	1875
71	1875
97	1876
97	1877
71	1877
97	1878
71	1878
9	1878
71	1879
97	1879
97	1880
97	1881
50	1881
71	1881
97	1882
71	1882
48	1882
97	1883
71	1883
97	1884
71	1884
97	1885
71	1885
25	1885
97	1886
48	1886
71	1886
97	1887
71	1887
97	1888
15	1888
97	1889
71	1889
57	1889
71	1890
97	1890
14	1890
44	1890
71	1891
97	1891
63	1891
97	1892
71	1892
97	1893
50	1893
94	1893
97	1894
57	1894
89	1894
71	1894
97	1895
71	1895
97	1896
71	1896
97	1897
71	1897
71	1898
61	1898
97	1898
97	1899
71	1899
52	1899
97	1900
71	1900
97	1901
71	1901
48	1901
71	1902
97	1902
80	1902
97	1903
97	1904
71	1904
97	1905
97	1906
97	1907
71	1907
97	1908
71	1908
97	1909
50	1909
97	1910
57	1910
71	1910
64	1910
27	1910
97	1911
71	1911
58	1911
86	1911
97	1912
50	1912
71	1912
71	1913
97	1913
85	1913
97	1914
42	1914
97	1915
71	1915
97	1916
50	1916
10	1916
97	1917
97	1918
71	1918
97	1919
71	1919
50	1919
97	1920
71	1920
97	1921
25	1921
50	1921
97	1922
71	1922
50	1922
97	1923
71	1923
87	1923
97	1924
71	1924
97	1925
97	1926
97	1927
71	1927
50	1927
97	1928
24	1928
10	1928
71	1928
97	1929
71	1929
95	1929
97	1930
50	1930
71	1930
97	1931
71	1931
12	1931
97	1932
97	1933
71	1933
97	1934
71	1934
97	1935
71	1935
97	1936
97	1937
97	1938
71	1938
97	1939
71	1939
97	1940
71	1940
41	1940
50	1940
7	1940
97	1941
71	1941
97	1942
71	1942
97	1943
71	1943
97	1944
97	1945
71	1945
97	1946
71	1946
78	1946
97	1947
71	1947
97	1948
71	1948
85	1948
97	1949
16	1949
50	1949
25	1949
71	1949
97	1950
50	1950
97	1951
57	1951
97	1952
71	1952
97	1953
97	1954
71	1954
97	1955
71	1955
97	1956
3	1956
71	1956
97	1957
71	1957
97	1958
97	1959
71	1959
97	1960
50	1960
71	1960
97	1961
97	1962
71	1962
97	1963
97	1964
97	1965
97	1966
97	1967
71	1967
97	1968
71	1968
71	1969
97	1969
50	1969
97	1970
71	1970
73	1970
97	1971
97	1972
71	1972
97	1973
71	1973
50	1973
97	1974
71	1974
97	1975
71	1975
71	1976
97	1976
97	1977
97	1978
97	1979
50	1979
41	1979
71	1979
97	1980
97	1981
71	1981
97	1982
71	1982
97	1983
50	1983
97	1984
71	1984
57	1984
97	1985
71	1985
71	1986
97	1986
11	1986
97	1987
71	1987
97	1988
97	1989
97	1990
97	1991
71	1991
97	1992
71	1992
97	1993
71	1993
5	1993
97	1994
71	1994
97	1995
97	1996
71	1996
97	1997
87	1997
71	1997
97	1998
71	1998
97	1999
71	1999
88	1999
97	2000
50	2000
71	2000
97	2001
97	2002
71	2002
97	2003
71	2003
97	2004
71	2004
97	2005
71	2005
50	2005
58	2005
97	2006
71	2006
97	2007
71	2007
71	2008
97	2008
97	2009
97	2010
71	2010
21	2010
97	2011
71	2011
97	2012
97	2013
57	2013
71	2013
97	2014
71	2014
10	2014
97	2015
71	2015
97	2016
71	2016
97	2017
69	2017
61	2017
71	2017
57	2017
97	2018
48	2018
71	2018
97	2019
71	2019
50	2019
97	2020
56	2020
97	2021
70	2021
36	2021
71	2021
86	2021
97	2022
90	2022
97	2023
50	2023
48	2023
71	2023
50	2024
97	2024
57	2024
71	2024
97	2025
71	2025
71	2026
97	2026
71	2027
97	2027
50	2027
97	2028
71	2028
97	2029
71	2029
50	2029
97	2030
71	2030
42	2030
76	2030
71	2031
97	2031
97	2032
71	2032
15	2032
51	2032
97	2033
29	2033
97	2034
71	2034
97	2035
50	2035
71	2035
97	2036
71	2036
25	2036
85	2036
97	2037
71	2037
97	2038
71	2038
73	2038
97	2039
28	2039
71	2039
97	2040
100	2040
97	2041
71	2041
75	2041
97	2042
71	2042
97	2043
51	2043
97	2044
71	2044
97	2045
97	2046
71	2046
97	2047
71	2047
97	2048
97	2049
97	2050
71	2050
97	2051
97	2052
71	2052
97	2053
97	2054
97	2055
97	2056
97	2057
97	2058
71	2058
97	2059
97	2060
71	2060
97	2061
97	2062
97	2063
71	2063
71	2064
97	2064
75	2064
97	2065
71	2065
74	2065
42	2065
97	2066
71	2066
97	2067
71	2067
12	2067
97	2068
75	2068
71	2068
57	2068
97	2069
71	2069
97	2070
71	2070
50	2070
71	2071
97	2071
51	2071
97	2072
71	2073
97	2073
97	2074
71	2074
72	2074
97	2075
85	2075
97	2076
57	2076
97	2077
97	2078
79	2078
71	2078
97	2079
71	2079
97	2080
71	2080
97	2081
71	2081
97	2082
71	2082
97	2083
71	2083
97	2084
97	2085
71	2085
71	2086
97	2086
97	2087
97	2088
71	2088
97	2089
50	2089
97	2090
97	2091
97	2092
97	2093
97	2094
71	2094
97	2095
97	2096
97	2097
71	2097
97	2098
71	2098
97	2099
71	2099
86	2100
97	2100
71	2100
97	2101
71	2101
38	2101
48	2102
97	2102
71	2102
85	2102
66	2102
97	2103
47	2104
97	2104
71	2104
50	2105
97	2105
7	2105
71	2105
97	2106
71	2106
50	2106
73	2106
48	2106
97	2107
75	2107
71	2107
40	2108
97	2108
71	2108
97	2109
97	2110
58	2110
71	2110
97	2111
71	2111
46	2111
97	2112
71	2112
97	2113
97	2114
71	2114
97	2115
97	2116
97	2117
97	2118
71	2118
97	2119
71	2119
56	2119
97	2120
71	2120
71	2121
97	2121
97	2122
71	2122
71	2123
97	2123
97	2124
97	2125
71	2125
20	2125
97	2126
71	2126
97	2127
71	2127
97	2128
51	2128
71	2128
97	2129
38	2129
97	2130
71	2130
97	2131
97	2132
51	2132
97	2133
97	2134
71	2134
14	2134
97	2135
97	2136
71	2136
97	2137
97	2138
97	2139
71	2139
97	2140
71	2141
97	2141
97	2142
97	2143
71	2143
50	2143
24	2143
97	2144
71	2144
97	2145
71	2145
97	2146
50	2146
97	2147
71	2147
97	2148
97	2149
71	2150
97	2150
24	2150
97	2151
97	2152
97	2153
71	2153
23	2153
97	2154
97	2155
97	2156
71	2156
97	2157
57	2157
97	2158
84	2158
49	2158
71	2158
76	2159
97	2159
86	2159
71	2159
85	2159
81	2159
50	2159
97	2160
71	2160
61	2160
97	2161
71	2161
97	2162
71	2162
97	2163
97	2164
71	2164
97	2165
71	2166
97	2166
97	2167
97	2168
97	2169
71	2169
97	2170
71	2170
50	2170
32	2170
97	2171
71	2171
28	2171
100	2171
97	2172
76	2172
71	2172
50	2172
97	2173
71	2174
97	2174
57	2174
97	2175
71	2175
97	2176
97	2177
71	2177
97	2178
71	2178
50	2178
97	2179
50	2179
71	2180
97	2180
50	2180
97	2181
71	2181
97	2182
97	2183
71	2183
97	2184
48	2184
71	2184
97	2185
97	2186
71	2186
97	2187
71	2187
65	2187
97	2188
97	2189
97	2190
71	2190
34	2190
97	2191
97	2192
88	2192
71	2192
97	2193
71	2193
86	2193
97	2194
71	2194
97	2195
71	2195
51	2195
97	2196
71	2196
97	2197
71	2197
80	2197
97	2198
71	2198
97	2199
97	2200
71	2200
97	2201
20	2201
50	2201
97	2202
71	2202
97	2203
71	2203
97	2204
97	2205
97	2206
62	2206
97	2207
71	2207
97	2208
71	2208
97	2209
71	2209
12	2209
57	2209
97	2210
50	2210
71	2210
97	2211
71	2211
97	2212
71	2212
97	2213
71	2213
97	2214
97	2215
97	2216
71	2216
97	2217
71	2217
97	2218
71	2218
97	2219
50	2219
71	2219
97	2220
71	2220
50	2220
97	2221
71	2221
71	2222
97	2222
97	2223
71	2223
97	2224
71	2224
97	2225
71	2225
97	2226
97	2227
71	2227
47	2227
97	2228
71	2228
97	2229
71	2229
23	2229
97	2230
71	2230
97	2231
71	2231
97	2232
71	2232
97	2233
14	2233
97	2234
87	2234
95	2234
71	2234
88	2235
97	2235
89	2235
71	2235
50	2235
81	2235
97	2236
18	2236
65	2236
50	2236
71	2236
97	2237
71	2237
97	2238
97	2239
71	2239
97	2240
71	2240
97	2241
97	2242
71	2242
97	2243
97	2244
97	2245
71	2245
97	2246
71	2246
97	2247
71	2247
33	2247
48	2247
97	2248
71	2248
97	2249
50	2249
71	2249
97	2250
71	2250
97	2251
71	2251
50	2251
97	2252
71	2252
97	2253
7	2253
71	2253
92	2253
50	2253
97	2254
71	2254
97	2255
71	2255
97	2256
50	2256
71	2256
97	2257
71	2257
97	2258
71	2258
97	2259
71	2259
71	2260
97	2260
50	2260
97	2261
71	2261
92	2261
97	2262
71	2262
50	2262
97	2263
71	2264
97	2264
97	2265
50	2265
71	2265
97	2266
71	2266
97	2267
71	2267
97	2268
50	2269
97	2269
7	2269
52	2269
78	2269
33	2269
71	2269
74	2269
86	2269
58	2270
97	2270
71	2270
77	2270
6	2270
97	2271
39	2271
97	2272
14	2272
97	2273
71	2273
97	2274
71	2274
97	2275
97	2276
71	2276
97	2277
97	2278
71	2278
97	2279
66	2279
71	2279
97	2280
50	2281
97	2281
71	2281
24	2281
88	2281
97	2282
14	2282
1	2282
97	2283
71	2283
50	2283
